1 4 5 8 11 12 9
7 8 9 10 12 15 17 17
39 42 45 43 44
84 85 86 87 90 89 86
33 34 35 36 35 37 38 38
8 9 11 8 10 11 13 17
34 35 37 39 38 40 45
47 50 50 51 53 54
54 55 58 58 59 56
95 98 99 99 99
53 54 54 57 61
65 68 71 71 73 78
78 79 81 85 83
24 25 27 29 30 32 36 36
77 80 82 83 89 87
58 61 68 70 71 74 75 75
47 46 49 52 55
78 76 78 79 81 78
14 13 15 17 19 21 21
77 74 77 79 80 84
91 89 91 93 94 99
65 64 63 65 66 67 70
49 48 51 53 56 54 52
29 28 30 33 31 34 34
70 69 71 70 74
41 38 39 41 43 41 46
88 85 88 90 90 92
37 34 36 37 37 39 42 40
57 55 58 61 61 61
46 44 46 46 50
78 75 77 78 79 79 82 89
86 83 86 87 91 92 95
17 14 16 17 21 18
34 32 36 39 39
60 59 62 66 68 70 73 77
59 58 60 61 63 65 69 75
41 40 42 45 46 49 55 58
4 3 4 5 8 15 16 14
5 4 10 11 11
15 14 17 24 26 30
59 56 59 60 67 69 70 77
38 38 39 41 43
78 78 81 84 85 88 85
24 24 25 27 29 30 31 31
51 51 54 55 56 58 61 65
30 30 32 35 40
84 84 85 82 83
45 45 48 49 46 43
60 60 59 60 61 62 62
35 35 36 33 36 39 43
47 47 44 45 52
85 85 86 86 88 91 94
55 55 55 57 56
24 24 24 27 29 31 32 32
47 47 50 52 52 54 55 59
41 41 41 43 49
7 7 10 12 16 19 20 23
28 28 30 34 37 38 40 39
72 72 74 77 80 84 86 86
25 25 27 29 32 36 39 43
15 15 18 22 28
79 79 82 89 92 93
55 55 60 61 59
23 23 24 31 33 33
58 58 64 65 69
76 76 83 84 87 89 92 97
23 27 28 30 31 32 33 31
8 12 14 17 20 20
37 41 44 47 45 46
23 27 28 31 29 32 29
68 72 75 72 72
39 43 45 47 44 45 47 51
20 24 21 24 30
74 78 79 80 80 81 82 83
58 62 64 64 67 68 69 67
17 21 23 23 26 26
21 25 27 29 30 30 34
86 90 92 92 98
33 37 38 42 44 43
29 33 36 37 40 44 44
22 26 31 34 35 38 41 39
40 44 50 52 52
10 16 18 20 21 22 21
19 24 26 29 29
79 86 88 87 88
8 13 14 15 13 16 13
18 25 26 28 31 32 29 29
19 24 21 22 26
41 48 50 47 53
58 65 68 68 69 72 74 75
84 90 90 93 95 93
63 68 68 69 69
77 84 84 86 89 93
9 14 16 16 17 20 27
76 83 87 89 86
30 37 39 41 42 46 46
1 7 10 11 16 15
82 87 90 96 96
23 20 18 17 14 11 8 9
98 96 95 92 91 90 90
82 80 82 79 78 77 74
41 38 39 37 40
35 32 34 32 32
81 78 75 72 73 71 68 64
64 63 62 61 60 61 55
19 17 16 13 13 10
23 22 20 20 21
52 50 49 48 45 45 44 44
19 16 15 12 10 10 6
25 24 24 23 22 20 13
54 51 49 46 42 44
73 71 69 67 63 61 61
18 16 9 8 6 5 7
89 86 85 80 80
57 58 57 54 51
88 89 86 84 82 79 76 78
42 45 42 41 39 38 38
74 77 76 74 70
21 23 22 19 14
15 18 17 20 18 17 16 13
49 50 52 51 48 50
21 23 20 22 19 16 16
61 62 60 61 59 58 54
94 97 94 93 94 88
91 94 94 91 90
43 46 45 45 47
33 35 35 33 33
63 65 62 60 60 56
27 29 28 27 25 22 22 16
80 83 79 77 75 72
66 68 67 63 62 61 64
31 33 32 28 28
73 76 72 71 68 65 61
62 65 64 63 59 57 51
24 26 23 22 21 19 12 11
23 24 19 18 15 14 16
87 90 84 81 78 77 77
80 82 80 74 70
37 39 36 30 24
66 66 64 61 60 59
9 9 8 7 4 2 5
30 30 28 27 25 25
59 59 56 54 52 48
27 27 25 23 20 17 10
41 41 44 42 41 38 37
92 92 91 94 92 94
53 53 52 51 50 52 51 51
29 29 30 29 26 22
48 48 47 44 41 44 37
60 60 57 57 54
25 25 22 19 19 16 19
39 39 38 35 32 32 30 30
92 92 90 90 88 86 82
86 86 86 84 81 80 79 72
95 95 92 89 85 84 81 80
30 30 27 23 20 18 15 16
96 96 94 91 88 85 81 81
77 77 75 74 70 68 66 62
46 46 43 42 41 37 30
67 67 60 57 55 54 52 51
35 35 33 26 27
79 79 76 74 68 66 65 65
67 67 66 59 55
51 51 48 43 40 33
39 35 32 31 30 29 31
49 45 43 40 39 39
85 81 82 81 80
20 16 18 17 15 14 12 15
71 67 65 62 65 62 60 60
87 83 84 81 77
9 5 8 7 6 1
54 50 49 49 47 46 44
98 94 93 93 92 91 94
94 90 87 85 85 83 83
79 75 75 72 68
88 84 81 80 80 75
40 36 32 29 28 25 22 25
62 58 57 53 53
96 92 89 86 84 79 78 79
45 41 39 37 31 28 28
39 32 31 29 28 30
80 73 71 69 67 65 63 63
29 23 22 21 19 21 19
70 64 61 58 61 60 58 61
33 26 23 20 22 20 17 17
57 50 53 50 48 45 44 40
61 56 59 57 51
30 25 23 23 22
59 53 53 51 48 51
19 13 10 9 7 7 7
53 46 45 42 39 39 35
17 11 11 9 6 1
69 63 59 57 58
34 27 25 22 21 17 17
21 15 12 10 5 8
26 19 13 12 11 9 7 7
70 63 63 61 60 57 54 56
68 64 63 62 59 59 57
98 94 91 91 88 85 83 79
30 34 35 39 42 43 43
69 76 79 79 82 83 87
66 66 63 60 60 59 55
21 28 31 34 33 34
85 84 83 80 79 79 79
62 62 62 59 56
91 90 87 82 79 79
71 69 70 72 74 76 79 76
95 93 92 88 85 84 83 83
25 29 31 33 34 34 35 39
23 23 24 21 20 19 15
71 75 75 78 79
88 86 89 89 92
35 35 37 40 38 38
59 59 58 54 52 48
64 69 69 72 74
67 68 67 64 63 59 62
71 71 65 63 60 56
53 56 57 55 57 59 60 58
75 78 75 72 74 71 68 68
80 79 82 85 82 86
79 73 73 72 72
70 70 69 63 61 54
31 37 44 46 47 49 52 51
70 69 70 73 72 69
31 31 28 31 30 27 25 18
60 55 52 52 49 47 46 42
39 35 32 32 31 28 31
16 20 21 25 24
8 7 8 10 11 10 11
78 81 84 87 87 88
82 83 80 78 74
2 7 9 12 13 17 19 18
45 47 50 53 56 59 59
21 21 23 21 23
14 16 11 10 5
86 89 88 87 86 84 82 82
16 19 21 23 20 22
57 57 60 63 66 66 65
75 74 75 79 83
86 83 84 82 79 78 80
65 65 62 61 63 61 59 59
99 92 93 91 90 83
85 79 72 71 69 70
20 17 18 20 23 30 31 31
62 63 64 66 66 70
66 65 68 70 76 78 82
35 39 41 44 41 42 44
29 27 30 33 30 31 34 41
31 32 33 35 37 37 36
34 35 33 27 26 25 24
81 83 85 86 88 90 92 90
47 46 44 40 38 41
37 37 37 36 33 26
85 85 79 78 75 74 72 73
30 30 27 21 21
42 42 40 36 36
21 21 23 27 30
69 75 76 78 78 78
89 87 85 82 82
58 54 52 53 52 49 46 48
98 96 95 93 96 92
8 8 11 10 9 11
33 35 35 32 29 28 26 27
50 47 45 45 43 40 38 34
66 68 65 62 65 67
13 8 6 5 1 2
10 10 13 16 18 20 22 22
76 77 80 82 80 80
28 24 21 24 22 16
68 64 61 60 59 56 53 55
26 27 26 27 30 33 35 40
61 67 67 68 71 78
34 41 42 45 48 52 54 54
71 74 75 73 74 78
62 62 61 60 57
41 42 45 46 47 51 48
25 25 28 31 33 31 35
40 40 37 36 38 36
88 84 81 76 73 70 70
24 28 25 28 31 29
9 9 11 12 13 15 18 15
40 38 38 39 40 44
24 24 27 28 30 34 36 40
46 48 50 47 45 42 37
99 95 92 90 91 89 85
39 33 31 32 33
73 70 72 76 77 80 80
18 16 19 22 24 30
27 27 24 22 19 16 12 5
29 22 19 16 13 10 4 4
14 16 13 9 4
22 26 28 29 29
70 74 74 75 77 80 80
85 85 82 80 79 77 75 75
32 36 39 38 40 43 48
54 55 55 57 60 62 62
68 68 71 71 74 76
85 82 83 85 88 90 94
80 82 87 89 90 89
64 70 73 75 72
40 44 46 51 50
48 53 56 58 55 56 56
94 92 89 88 85 87 81
24 19 16 13 12 9 7 7
1 2 4 4 9
94 93 92 95 93 91 89
74 68 68 65 62 59 52
4 7 5 7 5
27 23 20 16 16
56 54 56 59 59
65 65 65 67 68 70 72 72
66 68 73 74 74
62 62 64 66 68
65 69 66 69 71 72 72
83 90 89 90 94
56 56 57 57 59 61 68
34 30 30 29 26 26
12 13 12 10 7 1
59 63 65 64 68
14 14 16 17 21
6 3 4 11 12 19
76 74 71 70 67 67 66 68
55 49 46 45 44 43 42 44
89 86 89 89 91 93 91
20 20 23 24 29 31 31
61 61 60 57 54 53 55
73 69 66 64 63 60 60
60 60 57 56 55 55 57
78 76 76 79 80 83 90
4 4 5 7 13
73 73 73 71 69 69
85 84 85 87 90 97 99
17 16 19 22 23 27 28
87 81 78 81 78 76 75 72
54 56 53 51 47 44 41 38
43 43 44 47 48 52 59
95 92 93 94 95 97
46 46 49 53 54 57 59 57
34 36 36 34 34
39 36 34 34 33
62 58 56 55 57 57
80 83 81 81 79 77 72
24 19 17 15 15 13
10 8 9 12 16 18 17
22 18 17 17 10
75 80 79 80 83 84 86 84
34 39 45 46 46
26 22 21 20 13 10 8 9
16 15 13 11 10 9 10
11 13 10 6 4 4
59 61 59 56 53 49 45
57 59 58 51 48 48
85 87 86 80 81
56 56 59 65 67 70 69
86 84 87 93 96 98 96