17 20 23 25 27 31
55 57 58 61 63 64 70
19 20 23 27 28 30 33 36
78 79 80 83 86 90 93 97
30 31 35 38 40 42 49
61 63 66 71 74 75
20 23 24 25 28 35 36 40
25 28 35 36 38 40 46
50 54 55 57 59
31 35 37 40 42 43 46 50
51 55 57 58 63
23 27 29 30 33 37 39 40
21 25 27 28 32 35 39
56 60 62 66 67 73
69 73 80 82 83 85 87
45 49 54 57 58 60 64
41 45 46 49 51 58 63
46 53 55 56 59 62
28 34 36 39 42 44 48
10 17 20 21 23 26 32
17 22 25 29 32 35 37 40
76 83 84 85 89 91 95
76 82 86 87 88 89 96
68 75 80 81 83 85 88
70 75 77 82 85 89
18 25 27 30 33 39 41 46
78 77 76 74 73 69
52 51 50 47 44 42 39 33
95 92 91 89 87 86 82 79
82 80 77 73 72 70 66
23 20 17 13 12 11 6
33 30 29 22 21
54 52 47 46 45 41
73 71 70 68 66 65 59 53
32 28 27 25 24
45 41 39 37 36 32
46 42 41 38 37 34 31 24
43 39 35 32 31 29
71 67 66 63 61 57 55 51
53 49 45 42 37
36 32 29 26 24 21 14 13
93 89 84 81 79 76 74 70
60 56 55 52 47 44 41 36
55 48 45 43 41 39 36
22 17 16 15 12 10 6
92 86 84 81 79 76 74 69
73 67 65 64 60 57 56 53
53 47 43 41 40 36
51 45 44 42 41 37 34 29
60 55 52 51 48 46 40 39
63 56 54 49 45
38 31 25 23 21 19 13
49 51 53 54 57 62 65 71
53 57 63 64 67 71
61 60 59 55 52
86 82 80 77 76 69
43 38 35 32 30 24 22 21
28 22 20 19 16 12
50 46 45 38 34
73 76 80 81 83 85 89
41 45 48 51 54 55 61
70 73 77 78 85
12 19 22 25 28 30 32 37
80 77 76 75 73 72 65
93 86 80 79 75
58 54 48 46 43 41
45 44 42 40 33 28
82 77 76 73 66 63 58
41 35 33 30 29 27 25 19
58 62 68 71 74 76 79 82
67 73 76 80 82 84 86
35 31 30 29 25
42 35 32 28 23
25 29 32 36 41
5 10 13 15 20 24
50 46 43 41 40 36 34
3 9 10 12 14 18
68 64 62 61 59 57 55 52
24 28 31 32 33
64 61 59 57 52 51 47
93 90 86 85 82 77
34 39 43 45 47 54
50 56 58 60 63 67 71
78 73 70 68 65 63 59 56
65 66 68 69 76 79 81 82
22 21 18 17 16 14 7 4
45 50 53 59 61 62 64 71
50 45 44 40 37 33
3 4 7 10 13 16 19 23
86 83 79 76 72
22 26 28 30 32 36
38 33 30 29 27
34 38 44 47 48 50 53 59
13 17 18 22 23
59 55 54 53 49 45
33 29 27 26 22 17